9 22 32 34 36 18 -5 -25 -24 -24 -23 -10 -3 -1 5 9 33 32 15 0 -8 -10 -13 -18 -31 -39 -35 -31 -34 -25 -4 4 6 3 2 -6 7 20 24 16 17 21 11 -17 -28 -20 -8 -7 -12 -16 -36 -24 7 51 57 62 71 72 58 1 -34 -59 -29 -11 -12 -31 -51 -32 24 56 60 74 95 98 62 -7 -34 -50 -18 -12 -15 -13 -19 -8 -6 20 26 41 39 20 -3 -21 -35 -16 -13 -21 7 -3 -20 -26 -12 1 2 1 1 -5 -11 2 5 -12 -22 -28 13 -5 -19 -20 -9 -9 -7 -9 -2 7 19 6 -6 -18 -25 -48
13 17 13 24 20 20 17 17 12 10 10 13 -2 -9 -9 -9 22 25 10 -11 -28 -53 -62 -73 -59 -36 -16 -1 -3 -6 -9 -10 -4 -14 -16 -21 -9 -9 -29 -64 -81 -76 -62 -39 -19 -14 -15 -10 13 22 48 71 81 94 56 -16 -61 -71 -69 -35 -15 -19 0 8 12 33 46 59 59 48 13 -16 -52 -59 -51 -25 -13 -21 1 12 31 36 41 42 13 -11 -30 -52 -42 -36 -31 -21 -14 -8 -5 0 31 25 26 23 13 8 8 14 18 31 28 18 13 2 8 1 4 0 -1 4 8 19 30 27 27 24 18 8 -3 -6 -1 5
8 14 12 6 4 2 -8 -17 -25 -30 -26 -15 -9 1 10 4 11 -8 -18 -22 -19 -23 -21 -24 -17 -6 -6 -11 -13 -12 -1 16 -19 -33 -31 -1 17 19 14 12 23 26 32 22 17 -4 -15 -6 8 33 69 85 90 81 67 91 96 33 -5 -21 -14 -14 -19 -18 23 40 57 71 69 48 27 -16 -63 -60 -23 14 34 29 26 15 -5 -5 -5 -11 -26 -37 -50 -41 -13 30 66 62 41 33 24 14 -18 -16 -17 -13 -15 -35 -45 -49 -41 -32 -29 -25 -20 -19 -13 -10 -17 -19 -10 -4 -6 -7 -13 -23 -30 -39 -36 -28 -19 -10 -13 -11
-2 -7 -10 -10 -12 -22 -25 -24 -12 -9 1 -6 -10 -17 -30 -41 -5 -6 -6 0 2 -3 -6 -7 -17 -24 -20 -10 1 3 -13 -22 36 55 58 67 70 62 49 36 6 -8 -7 1 -6 -3 -18 -21 19 41 54 70 79 73 38 -40 -72 -67 -35 15 39 33 18 2 6 25 50 71 70 65 45 -21 -53 -71 -55 -34 -23 -16 -17 -26 -5 0 13 40 61 62 55 55 44 21 -5 -16 -20 -24 -31 -31 -24 -26 -40 -52 -36 -16 -3 -3 1 -7 -3 -14 -13 -16 -24 -30 -11 -3 -11 -27 -36 -38 -31 -23 -24 -16 -3 1 -4 -4 -1 -3
-22 -14 -4 8 8 15 20 18 17 18 4 1 -8 -14 -12 -13 30 33 41 53 54 56 44 43 32 33 31 37 32 24 13 7 29 38 55 51 50 37 6 -22 -46 -30 -5 12 24 36 39 28 -1 13 18 31 25 -6 -38 -32 -5 52 70 83 76 63 41 14 -29 -36 -12 -2 -12 -38 -18 46 61 33 16 15 17 24 13 -1 -39 -35 -25 -37 -47 -50 -54 -59 -73 -74 -69 -62 -41 -41 -44 -31 6 13 3 -14 -28 -37 -48 -57 -49 -53 -43 -39 -35 -24 -18 -22 2 6 20 25 22 21 10 7 -2 -3 -14 -12 -10 -13 -19 -12
-14 -14 -11 -6 -2 -5 5 2 -1 0 2 4 -5 -6 -2 -7 4 9 15 14 6 -3 -26 -28 -26 -19 -8 9 13 6 -8 -18 11 0 1 6 -6 -12 -15 -9 -1 16 41 55 69 66 50 28 -3 -12 -33 -25 -44 -79 -91 -82 -74 -84 -89 -73 -10 13 14 10 26 24 -1 -9 1 47 80 109 104 63 24 -4 -5 -12 -13 -16 9 37 66 86 84 70 46 18 1 -15 -9 -3 -11 -7 -5 -21 8 -12 -20 -24 -7 9 13 3 6 2 -2 1 -2 7 -4 -14 11 0 -4 -21 -28 -28 -24 -24 -19 -13 -12 -9 -9 -12 -15 -24
18 26 24 21 16 9 7 6 -6 -7 -9 -11 -11 -17 -7 -6 28 24 19 1 1 -3 4 12 8 1 -7 -19 -29 -22 -4 -3 5 3 -4 -1 10 40 48 49 53 55 79 84 56 34 3 16 -11 -43 -42 3 3 -10 -22 -45 -25 -7 24 61 83 88 81 56 -37 -79 -64 -37 -60 -77 -67 -34 -10 -25 -40 -52 -32 -8 1 -2 -18 -38 -49 -30 -11 -5 13 39 48 24 3 -19 -29 -23 -29 -20 7 -1 -10 -24 -9 -4 -10 -6 -2 -3 -12 -22 -17 -1 5 2 43 31 19 7 1 0 -9 -11 -14 -11 -13 -11 -6 -3 -8 0
-7 -10 -11 -15 -24 -29 -28 -21 -17 -22 -33 -28 -9 -8 -5 3 -31 -33 -36 -46 -55 -41 -33 -26 -37 -42 -43 -25 -25 -19 -14 -15 -23 -38 -31 -17 6 7 26 48 20 0 -3 -7 -17 -15 -12 -17 3 23 48 75 81 70 69 51 -2 -25 -34 -14 -9 8 -1 -25 -4 19 48 68 73 52 24 -19 -8 -2 -15 10 21 23 3 -28 10 31 31 20 3 -16 -54 -68 -52 -34 -11 -1 12 19 2 -16 -11 -3 15 29 36 37 28 25 30 37 39 45 54 50 33 8 -19 -12 -7 1 19 18 21 36 26 27 22 15 -2 -17 -24 -38
43 39 35 34 26 18 12 -6 -10 -11 -10 -5 -3 -1 5 16 25 11 8 -10 -8 7 14 13 9 14 -2 -13 -25 -21 -20 -22 -2 -24 -13 -6 20 36 49 63 61 53 25 -5 -11 -9 -25 -42 18 11 24 -28 -45 -62 -55 -9 18 -11 -46 -58 -55 -20 -15 -29 -5 -1 17 -22 -60 -83 -64 -29 -20 -46 -64 -60 -56 -10 4 9 -37 -35 -21 13 17 33 55 73 75 43 32 12 -6 -27 -24 1 9 -1 -11 -16 2 15 15 12 7 11 2 -8 -11 -2 -11 -2 36 32 26 23 5 -10 -13 -15 -16 -8 3 6 -6 -2 11 15
8 21 28 24 27 18 4 4 -3 -3 -6 5 16 17 17 12 2 -1 0 -12 -23 -25 -17 -12 -3 -8 -19 -17 -20 -10 -1 11 -19 -18 -9 -5 5 17 27 34 36 32 15 4 -29 -27 -17 6 -13 2 13 3 -23 -48 -47 -15 3 2 -21 -43 -65 -96 -83 -49 41 58 91 107 72 5 -41 -71 -61 -33 -11 -23 -32 -63 -64 -37 25 32 45 85 112 108 82 70 57 47 25 14 -9 -9 -11 -12 6 -8 -29 -31 -29 -22 -9 -4 -14 -5 -10 -13 -5 -5 1 -1 -3 -7 -8 -9 -5 -8 -7 -9 -7 -3 -2 3 3 1 2 -1
0 -2 -3 2 3 7 6 12 16 21 18 17 11 4 -1 -8 20 24 25 30 27 24 15 8 5 11 28 30 40 29 26 19 27 27 21 26 3 -28 -68 -96 -95 -84 -57 -17 11 36 32 27 16 28 43 33 3 -41 -56 -49 -71 -79 -63 -43 5 25 26 31 23 24 16 -5 -43 -36 -2 81 78 2 -51 -50 -21 6 26 36 6 -1 -5 -19 -36 -36 -28 5 14 -14 -24 -31 -29 -10 11 23 2 8 14 7 -5 -24 -40 -41 -39 -30 -36 -28 -16 -16 -2 5 -1 -2 4 13 17 18 25 23 16 8 9 4 10 9 12 10
0 -12 -30 -47 -45 -43 -29 -22 -17 -1 23 33 41 46 47 44 -31 -25 -17 -11 -8 -8 -22 -20 -23 -18 -22 -29 -13 -8 -5 17 57 39 42 11 -8 -2 0 41 66 56 33 9 -4 -33 -36 -41 47 46 26 -10 -45 -28 -6 16 19 -6 -35 -36 -28 -31 -14 -17 18 20 1 -26 -46 -34 0 25 15 -24 -58 -56 -41 -41 1 4 23 21 21 5 -10 -18 24 59 99 96 52 26 -10 -4 -19 -13 -27 -21 -2 35 22 9 -12 -19 -12 -12 -23 -12 -16 -26 -13 -9 -9 -22 -25 -25 -21 -23 -15 -9 -9 3 9 13 27 25 41 45
21 16 12 0 -10 -19 -11 -13 -18 -17 -18 -14 -7 -4 -1 -7 13 10 -9 -13 -15 -10 -9 -14 -28 -39 -38 -47 -38 -33 -8 2 -15 -23 -26 -23 -10 2 20 8 5 10 12 20 1 -1 -13 -8 -28 -43 -56 -32 3 49 49 57 66 67 58 67 80 76 56 27 -37 -39 -53 -34 -4 34 65 69 71 76 78 86 100 81 58 30 -18 -30 -28 -24 -24 -18 -18 -2 7 16 31 29 19 6 -15 -13 -8 -19 -27 -20 -14 -12 -12 -18 -18 -28 -35 -36 -32 -18 -5 -5 -16 -15 -17 -21 -18 -15 -15 -13 -17 -24 -22 -16 -10 -12 -13 -11
-19 -25 -31 -30 -33 -30 -42 -41 -23 -10 7 13 24 27 28 34 -40 -29 -25 -24 -23 -27 -39 -39 -33 -21 -35 -27 -20 4 12 35 16 17 13 14 -10 -35 -27 -1 27 23 0 -27 -33 -30 -24 -8 29 42 48 -8 -52 -52 33 85 92 90 60 15 -46 -53 -54 -31 21 38 38 -22 -51 -35 63 111 120 115 71 26 -33 -29 -46 -26 17 6 8 -6 -11 -18 4 32 31 21 -7 -9 -2 -13 -7 0 -26 -16 -8 7 -2 -11 -13 -19 -16 -7 6 6 0 3 11 20 -33 -40 -31 -40 -26 -17 -14 -8 1 8 13 13 10 21 26 31
-20 -17 -14 -2 -3 -6 -6 -5 -3 2 -13 -14 -27 -34 -31 -27 -17 -14 -13 -11 -26 -34 -38 -40 -36 -25 -9 11 9 -3 -17 -29 -7 -9 -20 -24 -7 5 23 32 41 42 48 50 55 60 50 36 5 -15 -25 -30 -26 -16 -19 -14 -6 -9 9 62 70 59 37 23 -3 -30 -46 -45 -15 -27 -41 -47 -48 -40 -16 58 71 65 45 24 -22 -29 -32 -13 14 41 57 52 57 71 89 95 86 68 43 35 -10 -7 -7 -29 -38 -36 -43 -36 -35 -28 -29 -18 -4 0 6 21 -27 -11 -6 -11 -18 -14 -24 -39 -44 -45 -28 -19 -16 -14 -9 2
-3 0 -17 -17 -17 -11 -5 -12 -12 -19 -24 -26 -9 -2 -4 -2 -13 2 -18 -37 -39 -57 -51 -48 -40 -27 -13 11 21 15 4 0 -16 -15 -19 -12 -40 -19 3 25 31 40 39 52 66 58 36 11 -34 -24 -41 -73 -47 -23 7 3 -13 -23 4 46 72 54 26 2 -38 -43 -73 -65 -41 -56 -65 -60 -45 -22 14 30 46 29 13 -5 -41 -48 -52 -48 -32 -4 -7 9 7 16 24 27 34 26 14 7 -27 -10 9 13 16 23 31 39 61 58 57 52 43 42 29 10 -20 -12 -7 -2 10 17 34 46 48 54 48 33 23 8 -7 -17
7 13 12 9 12 1 -1 -7 -17 -18 -19 -23 -23 3 25 11 -6 -9 -10 -3 -2 -5 -17 -8 -10 -7 -11 -27 -21 -20 -7 -5 -18 5 2 4 -15 1 10 26 40 46 63 70 57 38 36 26 -17 -27 -24 -38 19 70 110 89 -11 -25 -12 18 28 23 25 55 -24 -46 -52 -39 38 104 122 76 -75 -87 -63 -48 -61 -65 -57 -20 -9 -21 -37 -35 -19 15 29 34 23 8 -5 -9 -15 -22 -22 -15 4 2 -11 -21 -13 -1 0 -4 -3 -3 -4 0 1 -4 -4 3 21 15 -3 -5 -1 -12 -13 -12 -13 -13 -4 -7 3 3 19 17
-10 -1 -2 3 7 18 8 24 27 27 16 5 -5 -18 -22 -33 -10 -2 5 34 34 38 35 46 56 63 58 44 25 22 8 -23 -14 -10 -6 -14 0 -2 24 43 41 28 14 -12 -22 -25 -16 -22 -27 -11 -43 -50 -23 -4 13 4 -6 -31 -29 -21 -56 -66 -40 -28 -30 -24 -59 -58 -40 -60 -80 -54 -34 -32 -32 -51 -65 -76 -36 -9 -12 -10 -17 -25 -19 8 35 49 63 57 12 -21 -50 -25 -3 -10 -7 16 32 34 37 41 47 54 40 26 7 11 7 16 1 -17 4 17 21 17 26 44 49 44 32 32 29 26 29 26 7 -3
-27 -22 -20 -12 -3 4 -2 -3 5 6 4 -5 -26 -24 -28 -25 18 31 30 27 31 35 26 9 4 12 18 17 14 15 20 21 12 23 25 22 18 -5 -56 -77 -70 -54 -29 9 12 13 17 1 12 33 48 41 4 -2 -12 -25 -29 -1 1 11 0 9 8 -2 21 36 48 34 -39 -48 -17 -27 -45 -28 -12 3 26 10 1 13 41 42 36 27 11 -20 -46 -69 -61 -36 -4 7 15 14 25 36 32 30 31 38 31 16 4 5 6 -1 13 10 7 21 26 29 2 -15 -16 -6 -3 0 -8 10 3 -7 -28 -34 -32 -25 -13 7
-32 -24 -13 -4 8 26 32 27 21 13 4 -3 -11 -14 -6 -9 8 24 28 42 49 52 53 50 40 29 21 18 13 10 0 -8 0 18 30 44 42 37 26 4 1 -6 -31 -40 -45 -35 -13 -11 -11 19 42 53 50 43 30 35 53 53 10 -42 -46 -48 -26 -16 -2 38 57 67 54 36 34 49 69 55 12 -32 -45 -38 -24 -23 -12 -3 18 45 47 30 19 15 3 -2 -19 -34 -33 -32 -28 -15 -23 -35 -45 -59 -50 -42 -30 -20 -16 -19 -21 -25 -21 -24 -14 -6 -18 -17 -15 -33 -39 -47 -41 -32 -23 -21 -13 -11 -11 -14 -17 -23
3 2 1 -2 4 2 8 25 26 33 29 13 8 8 5 2 -3 -5 6 8 11 15 30 36 26 30 37 37 34 15 1 -6 -13 -12 -27 -29 -16 7 15 -21 -58 -71 -58 -34 -4 8 16 15 -16 -48 -63 -79 -63 -86 -93 -89 -77 -12 41 66 63 51 36 15 -15 -38 -64 -61 -18 46 59 -27 -71 -63 8 51 60 56 29 17 -11 -11 -24 -34 -30 10 31 9 -23 -38 -22 -6 2 11 5 15 -3 10 13 14 10 24 41 26 21 15 29 21 12 -10 -20 -11 12 9 14 6 5 8 17 6 4 4 5 7 5 2 2 -6
-28 -28 -22 -14 -6 1 1 6 21 29 35 26 14 -4 -15 -21 -18 -16 -2 10 20 17 18 20 31 47 60 57 57 43 29 12 -4 -1 -11 -21 -30 -34 -39 -28 -3 13 30 36 44 41 32 15 -6 -4 -17 -32 -42 -33 3 42 55 57 54 47 48 42 21 2 -18 -8 -28 -39 -55 -7 33 61 63 54 60 54 59 44 29 12 -15 -22 -35 -42 -34 -29 2 24 30 37 48 50 50 41 19 10 -36 -29 -24 -30 -39 -53 -56 -46 -43 -46 -41 -37 -35 -31 -25 -14 -29 -25 -20 -24 -29 -27 -33 -32 -35 -34 -42 -39 -29 -16 -13 -12
23 21 18 16 11 13 25 30 30 22 18 11 9 7 10 17 24 12 8 -10 0 14 21 21 9 2 14 9 6 8 9 5 15 7 -19 -45 -55 -58 -69 -92 -99 -96 -77 -74 -60 -40 -13 -2 22 -19 -35 -37 -25 -8 -28 -45 -56 -41 -32 -40 -46 -52 -43 -10 4 -32 -16 -33 3 41 55 -19 -17 46 67 6 -50 -49 -49 -14 -10 -5 2 2 0 3 32 36 50 68 39 8 -16 -22 -11 2 -3 13 25 25 23 32 49 61 59 48 36 18 22 19 13 5 -3 -7 -9 1 2 16 21 25 27 13 7 5 10 8 2 9
18 18 18 15 10 16 23 24 25 23 14 6 11 8 5 6 3 5 2 6 18 27 30 33 45 48 28 15 21 24 20 4 -3 -10 -15 -26 -33 -49 -52 -40 1 42 13 -22 -34 -9 15 10 6 -34 -50 -22 -26 -40 -68 -80 -58 61 73 -13 -59 -53 -24 13 19 -12 -40 -34 -2 51 48 -47 -56 -54 -46 -41 -53 -56 -44 -16 27 18 -6 -21 -15 10 22 -10 -50 -66 -57 -50 -31 -35 -38 -20 14 22 30 27 26 27 43 32 29 18 23 14 7 -7 -6 -12 17 9 13 19 17 20 22 32 31 37 37 24 25 23 27 22
13 11 2 -4 -3 -4 -12 -33 -34 -25 -14 8 15 16 42 49 -5 -21 -36 -29 -29 -28 -26 -32 -23 -19 -20 -34 -47 -21 14 30 -19 -18 -13 -17 -14 -13 7 15 24 21 12 -20 -36 -46 -34 -9 -11 -9 -25 -26 -46 -16 2 19 4 -21 -39 -47 -58 -52 -49 -33 -15 -8 -39 -56 -74 -80 -71 -51 -38 -3 -2 4 19 9 1 3 -3 -15 -9 -25 -19 -14 11 36 52 51 60 60 59 61 43 5 -9 4 19 36 32 31 28 36 51 63 64 69 72 52 49 28 -9 -5 -10 -11 -4 7 32 40 53 50 45 34 15 2 -16 -24
21 14 9 2 -3 -5 -20 -27 -29 -26 -25 -25 -17 1 9 16 28 11 -17 -15 -9 -17 -15 -21 -17 -8 -5 -14 -19 -20 0 3 -4 -14 -3 -12 -4 18 27 22 7 -7 -13 -22 -8 -14 -12 -7 -26 -28 -21 -8 37 68 78 83 94 68 49 12 -21 -22 -25 -13 -22 -45 -33 -14 51 73 77 96 103 83 54 18 -20 -18 -18 -12 -10 -21 -24 -14 16 26 0 -37 -49 -49 -38 -37 -19 -18 2 12 32 -2 -8 -10 -15 -10 -7 -20 -29 -32 -20 -17 -13 3 1 4 18 17 31 34 11 4 -1 -5 -10 -20 -31 -22 -24 -9 -5 9
11 7 5 -9 -13 -28 -45 -43 -37 -18 -2 18 24 28 27 27 1 -10 -16 -23 -26 -15 -8 -20 -23 -36 -44 -43 -33 -8 18 35 7 -3 -12 -12 0 23 40 47 54 37 24 3 -17 -24 -30 -25 12 -26 -54 -41 -9 8 2 10 25 -4 -18 -31 -25 -33 -38 -23 9 -28 -53 -37 -31 -42 -75 -66 -66 -70 -31 31 54 60 54 39 18 15 -5 -22 -9 10 0 -39 -81 -86 -54 -4 17 22 30 41 16 25 36 41 45 38 29 34 26 11 17 16 -2 -18 -21 -2 30 32 33 36 39 34 22 24 25 24 24 25 11 13 17 18
14 13 18 13 10 2 -6 -17 -21 -14 -12 -6 2 10 3 0 14 -3 -21 -20 -30 -14 -2 -2 0 -17 -22 -29 -18 -15 -9 13 -40 -37 -26 -12 9 8 23 39 53 52 57 68 60 29 12 15 -24 -18 -22 -51 -42 -42 -30 -33 -28 -3 20 50 62 65 50 34 38 76 82 65 21 -29 -54 -52 -42 -38 -41 -44 -20 -17 -5 -10 13 22 60 86 93 78 57 30 16 7 -4 -9 -14 -26 -19 -21 -9 -26 -40 -33 -37 -36 -34 -23 -11 -18 -20 -27 -31 -22 -12 3 4 -1 2 5 0 -19 -25 -26 -24 -15 -12 0 2 17 16 7
-4 -13 -17 -17 -22 -20 -9 -7 -5 -4 -9 -13 -22 -32 -36 -32 -14 -23 -27 -25 -28 -31 -45 -52 -51 -44 -18 -21 -23 -32 -43 -40 23 39 63 81 79 44 -21 -76 -62 -17 15 35 37 22 12 13 -19 7 27 59 85 26 -51 -76 -36 10 61 61 44 21 -1 -22 -18 1 29 46 47 4 -25 -31 -10 12 42 41 33 14 -1 -19 9 27 36 33 19 -6 -27 -39 -40 -21 -10 5 7 9 1 0 12 25 33 42 34 32 21 18 13 17 22 21 27 21 13 4 -24 -1 5 15 26 29 36 19 14 10 7 8 -2 -7 -19 -26
-17 -9 -11 -9 0 13 34 61 52 44 21 12 6 -2 -6 -4 -26 -5 27 39 39 38 52 66 77 58 40 41 47 35 11 -11 -26 -11 -23 -27 -20 -22 0 11 5 -3 -36 -44 -37 -30 0 -7 -12 -41 -63 -41 -22 30 56 50 62 50 18 -32 -62 -42 -37 -9 -19 -50 -62 -41 -13 53 68 77 87 46 26 -15 -33 -31 -37 -13 -13 -23 -22 -17 -8 3 34 44 42 7 -5 -7 -16 -21 -15 -7 2 -9 -17 -26 -21 -18 -20 -21 -20 -21 -25 -19 -12 13 22 28 13 15 7 -11 -12 -30 -46 -44 -39 -21 -8 10 22 16 12 9
2 -2 -3 -5 0 6 11 23 18 13 4 9 9 5 -4 -10 -8 0 9 11 12 19 30 47 33 32 29 31 28 11 -14 -23 -1 -18 -15 -16 -26 -21 -21 -4 6 -21 -30 -30 -24 -24 -27 -22 9 13 10 -19 -52 -69 -26 52 62 -17 -58 -64 -32 -8 -1 7 16 34 29 2 -32 -90 -64 -46 -47 -71 -54 -36 -2 10 24 25 44 37 31 18 -12 -51 -92 -98 -81 -57 -38 -19 7 34 30 25 45 36 31 28 18 11 3 2 5 4 9 16 23 28 31 25 26 27 34 36 37 37 22 27 23 19 10 10 9 11 15 11
-9 -10 -11 1 2 8 20 20 26 24 18 1 0 -5 -2 2 -14 -6 16 19 21 27 33 56 56 50 40 31 23 23 1 -6 -6 -10 -11 -13 -2 0 17 37 35 21 2 -19 -20 -18 -14 -16 3 -20 -21 -26 -24 29 73 75 71 70 13 -46 -52 -34 -15 -8 20 -7 -27 -27 -24 24 29 -8 33 57 1 -41 -42 -18 6 0 18 5 -20 -59 -78 -100 -120 -127 -115 -94 -80 -47 -20 -4 -3 18 2 6 6 15 15 4 -3 -18 -13 -10 -3 9 4 -9 -5 23 13 14 16 13 20 15 20 12 14 13 16 8 9 10 30 36
11 3 3 2 4 8 3 6 16 11 21 19 17 21 18 22 -20 -11 -1 14 33 39 34 30 31 24 27 18 16 -1 1 -6 20 16 2 -4 -17 -41 -72 -82 -79 -67 -42 -30 -10 -1 4 18 32 44 54 74 66 -2 -61 -51 -43 -45 9 41 49 43 40 36 32 48 60 68 61 -1 -69 -57 -60 -31 36 63 56 51 37 36 9 -1 -12 -25 -39 -72 -86 -83 -89 -79 -59 -41 -24 -2 10 25 -30 -18 -11 -2 15 16 8 7 1 1 -7 -13 -18 -28 -31 -24 -16 -12 -7 -7 -2 10 3 4 2 -7 -4 1 -3 -4 -1 3
-7 -8 0 8 3 2 21 27 34 19 7 14 13 0 -7 -6 -13 -11 -3 13 12 14 22 19 21 10 4 13 6 -10 -25 -15 -9 -23 -22 -34 -59 -52 -51 -50 -61 -78 -68 -41 -13 -7 -1 6 -6 14 31 6 -44 -80 -87 -80 -72 -46 -33 -2 21 15 5 -5 -11 22 54 58 35 -22 -70 -32 15 35 37 44 32 28 9 -7 26 34 38 38 21 10 -6 -15 0 14 23 34 37 33 18 7 22 31 26 27 26 17 25 23 18 27 29 38 32 35 28 18 -10 -1 2 5 0 2 3 -3 7 2 -5 -11 -6 0 -1 2
-14 -15 -24 -18 -8 1 0 -11 -17 -22 -26 -17 -10 -3 -9 -7 -3 -10 -12 -16 -12 -3 -3 -5 -17 -29 -40 -39 -24 -4 3 14 11 33 54 60 56 51 53 36 5 -21 -22 -17 -20 -15 -20 -13 18 46 56 66 62 59 53 -43 -62 -47 -6 18 27 21 12 9 -2 14 27 36 15 -25 -67 -43 0 60 80 65 56 49 32 20 -16 -22 -14 -4 -8 -21 -13 13 42 50 48 51 45 44 37 18 -7 -9 -21 -25 -40 -46 -35 -17 -18 -18 -22 -22 -21 -28 -23 -19 -7 -1 2 -7 -6 -32 -48 -53 -49 -38 -36 -29 -18 -13 -1 1
