0.19757184 0.45962650 0.67716038 0.72383249 0.75776041 0.37392512 -0.09897075 -0.52546465 -0.51507801 -0.50755078 -0.48611438 -0.21425997 -0.06957120 -0.02546589 0.10361353 0.19258915 0.68631202 0.68621254 0.31580204 0.00549062 -0.17559524 -0.20821814 -0.27938089 -0.39059743 -0.65120447 -0.82345790 -0.74734813 -0.64414144 -0.71740735 -0.53601277 -0.07783925 0.07913782 0.12199876 0.07261040 0.03425124 -0.12552305 0.14951077 0.42763743 0.50386304 0.33405587 0.35081777 0.43990356 0.23312950 -0.36152652 -0.58737338 -0.43015561 -0.16326399 -0.14850418 -0.25377876 -0.33375138 -0.76661986 -0.50055045 0.15557843 1.07193625 1.20742488 1.31838703 1.49040890 1.51521969 1.21760249 0.01388060 -0.71912920 -1.25066507 -0.61176002 -0.23907630 -0.25203565 -0.64671445 -1.07351267 -0.68281573 0.49668938 1.19222498 1.27099538 1.55797982 2.00122094 2.06152272 1.31958485 -0.14812741 -0.71737379 -1.04713786 -0.38408902 -0.24867539 -0.31737995 -0.27410686 -0.39917263 -0.17539905 -0.13224129 0.43042621 0.54144949 0.87000006 0.82592958 0.42837876 -0.05857337 -0.44598985 -0.74241340 -0.33248207 -0.27335551 -0.43788019 0.14414176 -0.07087612 -0.42784801 -0.54900694 -0.24551116 0.02141341 0.04491875 0.01521113 0.01734314 -0.11204979 -0.23269653 0.04006295 0.11255578 -0.25510693 -0.45478600 -0.60087985 0.28104189 -0.11178436 -0.39801779 -0.41698006 -0.19704044 -0.19940773 -0.15775715 -0.19444747 -0.04720731 0.15186818 0.39597347 0.12536797 -0.11790614 -0.38197935 -0.53345925 -1.01186359
0.26497453 0.34961584 0.27392128 0.49812526 0.41481459 0.42148373 0.35039058 0.35874552 0.24422653 0.20493460 0.21630311 0.28285703 -0.04468657 -0.19151506 -0.18605526 -0.18431886 0.46871331 0.53442234 0.20453060 -0.22833711 -0.58906347 -1.11113703 -1.30303478 -1.54342604 -1.25203502 -0.75161600 -0.34004405 -0.02456857 -0.06452939 -0.11848510 -0.19761774 -0.21637875 -0.07956207 -0.29176748 -0.34027302 -0.44028464 -0.18295905 -0.19444145 -0.62127626 -1.34280157 -1.71672952 -1.61050034 -1.30562353 -0.83371842 -0.41077697 -0.30083099 -0.31775054 -0.20700900 0.28456971 0.47204456 1.00960779 1.50190270 1.70202219 1.98744190 1.17489183 -0.34221494 -1.28242218 -1.49562001 -1.46674585 -0.73938048 -0.32538512 -0.39999801 -0.00588509 0.16913936 0.26213238 0.70364237 0.98086286 1.23975539 1.25612986 1.00695240 0.28175154 -0.33741739 -1.10035682 -1.25572348 -1.08431733 -0.52341473 -0.27750534 -0.45176095 0.02235240 0.24516204 0.65263849 0.76603639 0.86624318 0.88117737 0.26822296 -0.23038301 -0.63748592 -1.09252119 -0.88767260 -0.76594698 -0.64590251 -0.43352002 -0.28785250 -0.17636335 -0.09966725 -0.00636457 0.65123880 0.53216690 0.54378766 0.47993243 0.28085083 0.16401315 0.15895507 0.30286461 0.37877461 0.65330118 0.60171980 0.38163653 0.28006408 0.04551604 0.17578585 0.02947889 0.09033266 0.00166386 -0.02323084 0.07547349 0.16457921 0.40214437 0.63707638 0.56538725 0.56539941 0.49650910 0.38627771 0.16539580 -0.05794340 -0.11754062 -0.01075624 0.10549244
0.16534588 0.28557184 0.26236853 0.12343077 0.08897167 0.04815132 -0.17865035 -0.36477438 -0.52763247 -0.63565624 -0.54940706 -0.31368291 -0.19206484 0.01272677 0.21898611 0.09398129 0.22790511 -0.17263466 -0.37503859 -0.47183421 -0.39260259 -0.48473877 -0.44505295 -0.49724677 -0.35840559 -0.12112387 -0.11744431 -0.22216256 -0.27030280 -0.25263810 -0.01985746 0.34016341 -0.40429011 -0.69969189 -0.64947867 -0.01985906 0.36366895 0.41120514 0.29339483 0.25364482 0.49037480 0.54813164 0.67051202 0.47390625 0.35127163 -0.07611336 -0.30712032 -0.12556182 0.16634344 0.70592886 1.45069432 1.78501379 1.89538682 1.70118284 1.40943134 1.92633617 2.03127098 0.69789761 -0.10770454 -0.43828005 -0.29424009 -0.29313186 -0.40474617 -0.39009258 0.48246449 0.84047830 1.21140623 1.49917316 1.45714402 1.01169920 0.57067066 -0.34775248 -1.32027817 -1.26665556 -0.49049264 0.28813246 0.71362847 0.62252069 0.55184436 0.32343331 -0.09785348 -0.11041245 -0.09877119 -0.22343186 -0.54129881 -0.78487325 -1.05770421 -0.85652018 -0.27873605 0.63253808 1.39973819 1.30356634 0.86120588 0.68711275 0.50993377 0.28737026 -0.38373759 -0.33865210 -0.36816275 -0.27486470 -0.31604055 -0.74728751 -0.94288492 -1.03894997 -0.86725271 -0.68094432 -0.60876453 -0.51970255 -0.42977986 -0.39332876 -0.28128251 -0.20689498 -0.35482639 -0.41076654 -0.20556083 -0.09448885 -0.13675436 -0.15373789 -0.27450940 -0.48031786 -0.62684715 -0.81848824 -0.76376200 -0.59443969 -0.39687964 -0.20394431 -0.28447068 -0.23105931
-0.04930822 -0.14503448 -0.20433889 -0.20695183 -0.25812572 -0.46053737 -0.52410674 -0.51148224 -0.25277200 -0.19204283 0.01432778 -0.12158438 -0.21395227 -0.35913002 -0.64098865 -0.86160302 -0.09705399 -0.12436814 -0.11926464 0.00488361 0.04738958 -0.06859034 -0.12100366 -0.15136820 -0.35958400 -0.51705188 -0.41932511 -0.20422697 0.02131246 0.05865108 -0.28357974 -0.46667311 0.76289719 1.16406238 1.21638167 1.41881144 1.47923160 1.30948031 1.03754282 0.76718432 0.12758236 -0.16202123 -0.14877744 0.01063203 -0.12180522 -0.07230647 -0.37381983 -0.44933331 0.40632054 0.87385416 1.15016997 1.47158527 1.66471112 1.54974413 0.80337697 -0.83799738 -1.52455294 -1.40851569 -0.73758429 0.31205967 0.81532919 0.68928695 0.38410109 0.03795403 0.11633361 0.53484982 1.06241298 1.49745739 1.48043036 1.36915278 0.94237691 -0.43620181 -1.10869336 -1.48866355 -1.17085838 -0.71899205 -0.48666659 -0.33227459 -0.35256976 -0.55353922 -0.09590749 -0.00655685 0.26766792 0.83895874 1.28747153 1.31205916 1.16521287 1.17168951 0.93211544 0.43465909 -0.10093062 -0.33569261 -0.43013030 -0.50142992 -0.65138972 -0.66151518 -0.49831581 -0.54703790 -0.84046656 -1.09298408 -0.76710975 -0.33627117 -0.05393421 -0.06167036 0.02952709 -0.15020061 -0.07127482 -0.29678026 -0.27445805 -0.34232455 -0.51193690 -0.63855201 -0.23691642 -0.07189486 -0.23499557 -0.56517303 -0.76111269 -0.79363221 -0.65754479 -0.48635763 -0.50927383 -0.33490202 -0.06659168 0.01645377 -0.09455508 -0.08379283 -0.02688200 -0.06407215
-0.47001043 -0.30121392 -0.07934760 0.17838304 0.17461357 0.32634041 0.41560984 0.37432879 0.36731669 0.37870997 0.09463026 0.02674026 -0.16496935 -0.30262411 -0.26286924 -0.26938525 0.62400532 0.70572150 0.86696696 1.12333608 1.13477600 1.18585014 0.93563509 0.90752548 0.68615854 0.68836939 0.66345012 0.78623009 0.68175375 0.50247383 0.27592906 0.14741935 0.61293113 0.80036008 1.15815926 1.07749641 1.04570556 0.78149563 0.12855750 -0.46955031 -0.96475536 -0.62522358 -0.10482946 0.26128989 0.51315761 0.76880044 0.81829005 0.59412354 -0.01371648 0.26555723 0.38007581 0.64541852 0.52697158 -0.11651155 -0.81203914 -0.67408609 -0.10687303 1.10137713 1.48160040 1.74832869 1.59898067 1.33129656 0.86893982 0.30598900 -0.60232776 -0.76456946 -0.26142925 -0.05237136 -0.26247495 -0.80975991 -0.37816837 0.96436179 1.28223479 0.70463693 0.33490467 0.31798640 0.35363039 0.50680566 0.27951521 -0.02735978 -0.82932782 -0.73356980 -0.52456152 -0.78486735 -1.00226307 -1.06545532 -1.14830852 -1.23958600 -1.53303730 -1.55594838 -1.46606863 -1.31657708 -0.86838299 -0.86309952 -0.92802757 -0.65037227 0.11883622 0.26546058 0.06410349 -0.28885570 -0.59828955 -0.78022957 -1.02092624 -1.21374416 -1.03673649 -1.11718881 -0.91541374 -0.82564390 -0.74747849 -0.50977206 -0.37201542 -0.47121614 0.05091939 0.12010251 0.42169905 0.53616065 0.47338206 0.45371372 0.20100670 0.14864253 -0.03677664 -0.07335080 -0.30564526 -0.25563923 -0.20632987 -0.28112826 -0.40598628 -0.26056179
-0.28573349 -0.30098125 -0.23686746 -0.12708810 -0.04230799 -0.10437590 0.10562499 0.03879240 -0.02539795 0.00351068 0.04881103 0.07898651 -0.11172865 -0.13107947 -0.03831715 -0.14621270 0.09252738 0.18029387 0.31129116 0.30092397 0.12338955 -0.06859207 -0.55479527 -0.59547549 -0.54271770 -0.40461087 -0.16475044 0.18125036 0.26849082 0.11989387 -0.17536087 -0.37373599 0.23954467 -0.00423200 0.02268673 0.12476534 -0.13218364 -0.25578541 -0.30755153 -0.18330196 -0.01393350 0.34006363 0.87279850 1.16543925 1.46660852 1.38365436 1.05465674 0.59964758 -0.06306141 -0.25289193 -0.70659721 -0.52592766 -0.92517781 -1.66674900 -1.93133950 -1.72478724 -1.56139600 -1.77730072 -1.88629293 -1.53575885 -0.20867100 0.27537987 0.28593034 0.20786116 0.54961383 0.51121229 -0.02550950 -0.19237500 0.03126127 1.00153434 1.68363869 2.29238820 2.20179272 1.33784914 0.51395708 -0.07441291 -0.09513664 -0.24333462 -0.26704469 -0.34822309 0.19568576 0.79159564 1.39205647 1.82131541 1.76691592 1.47424531 0.96638358 0.37683672 0.02535100 -0.32494006 -0.19394387 -0.05912472 -0.22483259 -0.14637633 -0.11246906 -0.45372155 0.17171760 -0.24591446 -0.42780399 -0.49788508 -0.14898370 0.19669659 0.27920806 0.05286900 0.12875374 0.03855185 -0.04031435 0.01425449 -0.03435686 0.15662867 -0.08480116 -0.29501161 0.22795339 -0.00450376 -0.08956555 -0.44471404 -0.58149368 -0.59317684 -0.50850374 -0.50544286 -0.40869161 -0.27073589 -0.25844565 -0.19088341 -0.19557427 -0.24711974 -0.31833443 -0.49913239
0.37672186 0.55502868 0.51535422 0.43391761 0.33159602 0.18504944 0.14739907 0.11778335 -0.12775798 -0.14371601 -0.19517714 -0.23363499 -0.22579719 -0.35677716 -0.15454581 -0.11806301 0.58698696 0.49777794 0.39990842 0.02978729 0.02002733 -0.06821710 0.08541448 0.25488627 0.17854421 0.01943538 -0.14479157 -0.39414945 -0.61291760 -0.47137681 -0.08214635 -0.05401127 0.09693936 0.05644837 -0.08752822 -0.01693844 0.21436115 0.84603971 1.01062250 1.02590311 1.11395264 1.16438210 1.66237128 1.78164983 1.17360997 0.71074790 0.06550625 0.33694065 -0.22416572 -0.89766437 -0.89236867 0.07361851 0.06206261 -0.21279053 -0.45536876 -0.95194983 -0.52992862 -0.13836214 0.51614898 1.27947593 1.74333251 1.84899545 1.71449053 1.17865205 -0.78440547 -1.67487335 -1.35967255 -0.77657610 -1.27375960 -1.62247455 -1.42358601 -0.71584952 -0.20823492 -0.52762574 -0.85215533 -1.09528136 -0.68349266 -0.17713167 0.01575074 -0.04020200 -0.38378957 -0.79536659 -1.03610599 -0.62838387 -0.22491653 -0.11018287 0.27446091 0.82927221 1.02148986 0.51155645 0.06087542 -0.39837134 -0.61306816 -0.49405941 -0.60991114 -0.43013707 0.14990498 -0.01798584 -0.20244999 -0.50136763 -0.19419652 -0.07684716 -0.20823032 -0.11999214 -0.04894899 -0.06188810 -0.25123861 -0.46408203 -0.36095610 -0.01561899 0.11293299 0.03449909 0.90783328 0.65589410 0.41049892 0.15020704 0.02054206 -0.00471719 -0.18916519 -0.23935033 -0.28993264 -0.23903093 -0.27969307 -0.22185297 -0.12896086 -0.06979244 -0.16409743 0.00069322
-0.14677024 -0.20241477 -0.23120859 -0.31191120 -0.51013398 -0.60337549 -0.58783418 -0.44023645 -0.36532804 -0.46631306 -0.70605743 -0.58727545 -0.18437122 -0.17767847 -0.10810828 0.06625480 -0.66249430 -0.69658691 -0.75826967 -0.97478777 -1.15671575 -0.86019719 -0.69685888 -0.54427779 -0.78460848 -0.89151180 -0.90028322 -0.53324980 -0.52435577 -0.41114464 -0.30267033 -0.30769357 -0.49164447 -0.80448186 -0.66419482 -0.36148348 0.13601786 0.14498046 0.55903763 1.00522983 0.42285275 -0.00917236 -0.06985209 -0.15616545 -0.35648412 -0.32448688 -0.25642142 -0.35611200 0.06953100 0.48642319 1.02153385 1.58439636 1.71987224 1.48813641 1.46332312 1.07425344 -0.04389881 -0.52348292 -0.71962500 -0.30263203 -0.17978790 0.17819217 -0.02783519 -0.52073795 -0.08212185 0.39749280 1.00556350 1.43202531 1.53700781 1.09721458 0.49665231 -0.40507090 -0.16091874 -0.03327215 -0.32076451 0.22075935 0.44705015 0.48946556 0.06890202 -0.58860141 0.22111616 0.64685160 0.64482319 0.41685987 0.06475690 -0.32785842 -1.13851941 -1.44136572 -1.10319710 -0.71045053 -0.23683167 -0.02519948 0.25117797 0.39222738 0.04772153 -0.33063760 -0.22643989 -0.05417812 0.31418052 0.62058955 0.76740062 0.78075844 0.59283739 0.52804923 0.64175516 0.77645379 0.82281870 0.95256996 1.14462805 1.06273806 0.68862724 0.17869700 -0.40328744 -0.25140208 -0.14034070 0.02032204 0.39651003 0.38342315 0.45326555 0.75898737 0.55909872 0.56772339 0.45989326 0.31274959 -0.04725976 -0.36193660 -0.50098974 -0.81203938
0.91079158 0.82994121 0.74435282 0.72227472 0.55339921 0.38316560 0.24751490 -0.11788376 -0.21275888 -0.22360151 -0.21953556 -0.09794249 -0.06100912 -0.02867168 0.09773484 0.33196682 0.53749210 0.22362769 0.16685374 -0.20370060 -0.16478837 0.15380742 0.30450088 0.28199285 0.18245824 0.29485995 -0.03309998 -0.27181438 -0.52353162 -0.44888562 -0.42875624 -0.45490345 -0.05264423 -0.50636274 -0.28193903 -0.12041903 0.41731304 0.75990307 1.04417467 1.33328092 1.27766263 1.12412441 0.52271241 -0.09753254 -0.22304711 -0.19690740 -0.53345329 -0.88045889 0.37677717 0.24025221 0.49684545 -0.60052639 -0.94547069 -1.30852699 -1.16016591 -0.18946646 0.38163525 -0.23112854 -0.97395462 -1.22519600 -1.16725516 -0.43199626 -0.32229951 -0.62112862 -0.09706522 -0.01530795 0.34962270 -0.47128516 -1.26576555 -1.75690866 -1.34524286 -0.61569440 -0.42639723 -0.97098029 -1.35605490 -1.27532339 -1.18591833 -0.20307034 0.07592140 0.19241141 -0.78995180 -0.73721045 -0.44708019 0.26991856 0.36594838 0.70411462 1.15731692 1.53621483 1.58406341 0.90339839 0.67996687 0.25450692 -0.11902855 -0.56824207 -0.49631873 0.01684528 0.19580024 -0.02684802 -0.22539611 -0.33063576 0.04820178 0.31159520 0.32145262 0.25846791 0.15717864 0.22429556 0.03422980 -0.17926924 -0.23239361 -0.04816181 -0.23393227 -0.03360091 0.76803839 0.66997182 0.54149789 0.47790137 0.10655732 -0.20382635 -0.28087339 -0.30642042 -0.32851011 -0.16708328 0.06379818 0.12408979 -0.11799867 -0.05015795 0.23953797 0.32713777
0.16468120 0.43948531 0.58623302 0.50841165 0.56193811 0.37899077 0.07962047 0.08201213 -0.05606651 -0.06656372 -0.13054861 0.10022632 0.34470925 0.36069348 0.36239070 0.24610780 0.04640175 -0.02024532 0.00325553 -0.26100159 -0.47773978 -0.52580953 -0.35237458 -0.24944499 -0.05531493 -0.17193611 -0.39565226 -0.36902934 -0.42654032 -0.21781665 -0.02342648 0.23475929 -0.40972805 -0.37220448 -0.18502045 -0.09820279 0.09622071 0.36173621 0.56721199 0.72004771 0.75718004 0.67770362 0.31297648 0.07837417 -0.60731751 -0.56638950 -0.36179045 0.12333398 -0.27807632 0.04470636 0.26430741 0.05629873 -0.49546739 -1.01258469 -0.99975955 -0.31824192 0.07313874 0.03436140 -0.43718854 -0.90691406 -1.37600589 -2.02609038 -1.75627029 -1.03776014 0.86817920 1.21422875 1.91394722 2.24990559 1.52111340 0.10760716 -0.87448794 -1.49313939 -1.27814698 -0.70409530 -0.23912975 -0.48503357 -0.67550713 -1.34074700 -1.34611404 -0.77428353 0.53075135 0.66889060 0.94655484 1.79843569 2.36222863 2.28355646 1.74180651 1.46895993 1.19737935 0.98773241 0.52124095 0.30613446 -0.19558614 -0.19518177 -0.23862194 -0.25991479 0.13562047 -0.17077194 -0.61827201 -0.65182245 -0.62241572 -0.45525175 -0.19568738 -0.08177585 -0.30325663 -0.09598017 -0.20882940 -0.26764569 -0.11252928 -0.10397183 0.02916376 -0.02871652 -0.05776965 -0.14159867 -0.16639593 -0.19913414 -0.10863825 -0.16099203 -0.14936073 -0.18514687 -0.15566526 -0.05299511 -0.03566042 0.06194579 0.06471789 0.01317274 0.04566162 -0.01168303
-0.00540591 -0.04824400 -0.07197682 0.04204442 0.07170410 0.15172206 0.12050990 0.25884011 0.33669505 0.44619590 0.38882223 0.36818475 0.24201116 0.07408713 -0.02018481 -0.17302445 0.41602528 0.50531632 0.53689867 0.64063865 0.56809646 0.49651995 0.31908980 0.17672141 0.11154467 0.23051299 0.58452946 0.63159680 0.84495741 0.61764860 0.54592353 0.40847030 0.56895357 0.57421416 0.45140281 0.55558521 0.05315730 -0.58817148 -1.43808258 -2.01666999 -1.99829364 -1.77782524 -1.21181214 -0.35059848 0.22271332 0.75133282 0.67677969 0.56594664 0.33763081 0.59013945 0.89931154 0.69629055 0.05696956 -0.85746890 -1.17502725 -1.04456484 -1.49925137 -1.67829168 -1.33648908 -0.90229630 0.10174011 0.53675318 0.55260110 0.65443164 0.49380139 0.51343572 0.34590599 -0.10759950 -0.91781110 -0.75231135 -0.04563887 1.70791316 1.65032530 0.04446518 -1.07920158 -1.05172789 -0.44747359 0.13239655 0.55626976 0.76668984 0.12238600 -0.01795292 -0.11249045 -0.41024819 -0.77032411 -0.75908643 -0.58309644 0.09732726 0.30334154 -0.28759909 -0.49673796 -0.66119105 -0.61072129 -0.21405759 0.23708487 0.49451301 0.04909560 0.16134639 0.29489985 0.15055668 -0.11311149 -0.50747210 -0.85478175 -0.87603343 -0.83291346 -0.63186419 -0.75242519 -0.59012568 -0.33388534 -0.33077657 -0.03623235 0.10696848 -0.02404202 -0.03736435 0.08056910 0.26644111 0.36178333 0.38562897 0.53543532 0.48101813 0.33168024 0.16048181 0.18265311 0.07890281 0.21907271 0.18927932 0.26029554 0.20143884
-0.00977053 -0.25775841 -0.62999237 -0.98680633 -0.95298064 -0.91685081 -0.61332166 -0.47445926 -0.36734080 -0.01987254 0.48470452 0.70033514 0.85516036 0.97948480 1.00230730 0.92647046 -0.65576482 -0.52871335 -0.36187589 -0.24180698 -0.17854485 -0.16597584 -0.47440574 -0.41430834 -0.49181080 -0.38981572 -0.45788944 -0.61370677 -0.27238336 -0.16151425 -0.11350807 0.36565253 1.20015275 0.83009404 0.88242996 0.23845331 -0.17630593 -0.04881687 -0.00037739 0.86983335 1.40083039 1.17250752 0.70287091 0.17954442 -0.07907370 -0.69252986 -0.75572735 -0.85785949 1.00077498 0.96407551 0.54590255 -0.21669106 -0.94957566 -0.58864653 -0.13418730 0.34614149 0.40402633 -0.12766650 -0.74728435 -0.76329720 -0.60055190 -0.65701163 -0.30077812 -0.35778210 0.38053474 0.41185203 0.02267510 -0.55188805 -0.96097326 -0.72055811 0.00414892 0.52644616 0.32100382 -0.51565742 -1.23177779 -1.19025290 -0.85784000 -0.86424685 0.01726415 0.07435852 0.47781396 0.45207265 0.43349299 0.10698324 -0.20970136 -0.37697136 0.51045507 1.24515605 2.08534455 2.02621198 1.10285437 0.55151689 -0.20404229 -0.08378557 -0.40162259 -0.28009310 -0.56873727 -0.44008061 -0.04369904 0.73750252 0.46157283 0.18698463 -0.24527027 -0.39582908 -0.26252159 -0.24402544 -0.49376288 -0.26041970 -0.34702909 -0.55131698 -0.27295953 -0.19442876 -0.19184110 -0.46655020 -0.52741414 -0.52599847 -0.43698582 -0.48543274 -0.31854942 -0.19767955 -0.18060681 0.06780259 0.18014503 0.26683617 0.57267869 0.52002317 0.87021750 0.95507497
0.44701922 0.32949784 0.25633064 0.00241312 -0.20637539 -0.39547309 -0.23053965 -0.26880053 -0.38309169 -0.35078767 -0.38576773 -0.29046994 -0.14779311 -0.07740360 -0.02217816 -0.14182363 0.27438250 0.20966338 -0.19280435 -0.26567400 -0.32198745 -0.21854617 -0.18276602 -0.29705703 -0.60114449 -0.81998283 -0.79207826 -0.99228764 -0.80292052 -0.70005965 -0.15944882 0.03976462 -0.31067765 -0.49302951 -0.55540264 -0.49531913 -0.21505721 0.03324750 0.42215288 0.17882901 0.10971548 0.22154161 0.25265872 0.42726821 0.02262457 -0.03031025 -0.27168107 -0.17582025 -0.58883166 -0.89945936 -1.18659031 -0.68271941 0.05808477 1.02617466 1.03750086 1.19474709 1.38475990 1.41124666 1.23280120 1.41479087 1.69911146 1.61028779 1.18944097 0.57481200 -0.77442920 -0.82119465 -1.11341715 -0.71386564 -0.09394634 0.71693993 1.36534834 1.44878221 1.49322879 1.61436582 1.65163422 1.81929088 2.12108922 1.71858418 1.21961617 0.62504762 -0.38083026 -0.63894320 -0.59498173 -0.50588381 -0.51553357 -0.38529935 -0.38753322 -0.03268662 0.15363760 0.33945093 0.65728056 0.61548203 0.40550444 0.11873489 -0.31107134 -0.27431214 -0.16007267 -0.39262107 -0.56011772 -0.41579756 -0.29657358 -0.26151094 -0.24410902 -0.38394305 -0.39043278 -0.59369111 -0.74070466 -0.75630075 -0.67149729 -0.38256800 -0.10677490 -0.10120568 -0.33529460 -0.31875807 -0.35425085 -0.44299489 -0.37763232 -0.31687582 -0.31201831 -0.28492156 -0.36920312 -0.50174201 -0.45719406 -0.32728481 -0.20951350 -0.25068185 -0.26592064 -0.23463918
-0.40076765 -0.52886993 -0.65325063 -0.64368379 -0.69330531 -0.63641554 -0.87951535 -0.87392408 -0.48611754 -0.21733093 0.14143863 0.27942842 0.50622839 0.56635481 0.59506559 0.72115391 -0.84960681 -0.61196899 -0.52070922 -0.51295120 -0.48467705 -0.56724006 -0.82749206 -0.82743078 -0.70649803 -0.43345755 -0.73087728 -0.57323283 -0.42036334 0.07864995 0.26370063 0.73432148 0.32734635 0.35100695 0.27032271 0.29696900 -0.21548283 -0.74650818 -0.56386536 -0.02660138 0.57240856 0.48666051 0.00241314 -0.57485509 -0.68632013 -0.63730019 -0.50337160 -0.16060513 0.60183585 0.89182168 1.01257145 -0.16015482 -1.10090458 -1.09864557 0.70221144 1.78423035 1.93239391 1.89785469 1.27360988 0.31782854 -0.96259791 -1.12326956 -1.14544559 -0.66490895 0.45013916 0.79902011 0.80543476 -0.46388197 -1.08690989 -0.74263233 1.33620358 2.34099579 2.54299688 2.43488789 1.50397825 0.55030960 -0.69571692 -0.60619152 -0.98109722 -0.55549306 0.35592395 0.11925940 0.16877900 -0.12143362 -0.22868986 -0.38856328 0.09430426 0.67277807 0.65178663 0.44535372 -0.15104927 -0.18512169 -0.04127564 -0.28102818 -0.13930260 -0.00567997 -0.55747640 -0.32869616 -0.17124610 0.14156283 -0.05255703 -0.23514077 -0.28133309 -0.40165874 -0.33925775 -0.13831106 0.13422514 0.11872184 -0.00916391 0.06707623 0.22443749 0.42661667 -0.70263469 -0.83894676 -0.66339785 -0.84124547 -0.53876388 -0.36492020 -0.29125947 -0.16214281 0.03135274 0.16848046 0.26614189 0.28109926 0.20691462 0.44488785 0.54348862 0.64909524
-0.41849691 -0.36655161 -0.28926542 -0.03683100 -0.06868265 -0.12925956 -0.13145542 -0.11404231 -0.05573139 0.03919492 -0.26849481 -0.28689140 -0.57766646 -0.72364247 -0.64438295 -0.57407385 -0.35771462 -0.28694460 -0.26609564 -0.23675792 -0.54431891 -0.72724825 -0.79363084 -0.83940071 -0.76649040 -0.53823549 -0.18714401 0.22970766 0.19295780 -0.06674676 -0.36430523 -0.62028319 -0.13910531 -0.19246793 -0.41425180 -0.49775475 -0.13799253 0.10347669 0.48944098 0.67083979 0.87434167 0.88572687 1.01179671 1.05633581 1.15351439 1.27437663 1.05591440 0.76486111 0.09744439 -0.31873155 -0.52946216 -0.63860106 -0.54893321 -0.33571970 -0.39220420 -0.29670963 -0.13036366 -0.19436888 0.19343123 1.31958902 1.47790730 1.23908782 0.78467739 0.49233392 -0.06862525 -0.62363756 -0.96754718 -0.94049865 -0.31555304 -0.56427735 -0.87185615 -0.99925667 -1.00818098 -0.84454799 -0.33622557 1.21812153 1.49250519 1.37127614 0.94041300 0.50207603 -0.45965025 -0.61040306 -0.66547525 -0.26749581 0.29314220 0.86546487 1.20710087 1.09967840 1.19476211 1.49483514 1.86868930 1.99877536 1.80656409 1.43597531 0.91476977 0.73419863 -0.21233855 -0.15385051 -0.13769060 -0.60655719 -0.81090581 -0.75802583 -0.91164118 -0.76093823 -0.74158561 -0.59725034 -0.61412549 -0.38126501 -0.07712290 -0.00793071 0.11952378 0.43829086 -0.57908499 -0.22912572 -0.12949778 -0.24190642 -0.37352350 -0.29808503 -0.50092846 -0.82499987 -0.92262799 -0.95215952 -0.58830851 -0.40049213 -0.33116055 -0.28606653 -0.19988400 0.03396510
-0.07074913 -0.00154720 -0.35661837 -0.36722204 -0.35124299 -0.22181930 -0.09525923 -0.26339445 -0.25692949 -0.39153475 -0.51578349 -0.54950947 -0.19440411 -0.04901582 -0.09500863 -0.05238534 -0.27173844 0.03555772 -0.37299782 -0.78275096 -0.81910354 -1.19899929 -1.07712328 -1.01679790 -0.84549844 -0.57760769 -0.26796415 0.23560762 0.44458416 0.31316876 0.07578668 -0.00084412 -0.33753079 -0.32056049 -0.39408407 -0.24348585 -0.84796816 -0.40589279 0.06673688 0.52252167 0.66285253 0.83450812 0.82039088 1.09401643 1.39768136 1.23224890 0.77032578 0.23974396 -0.72286338 -0.50462431 -0.85970759 -1.53388977 -0.99491012 -0.49256840 0.13770989 0.05753338 -0.26422396 -0.49421284 0.09402991 0.98050505 1.52529347 1.13180387 0.53859550 0.05029374 -0.80733681 -0.89740086 -1.53925979 -1.37563825 -0.85588223 -1.19224274 -1.37386978 -1.25841880 -0.95447326 -0.47225267 0.30346191 0.62673932 0.97653043 0.62033337 0.27674517 -0.10974082 -0.86178488 -1.02085710 -1.09180808 -1.00394189 -0.67318946 -0.09412865 -0.14848413 0.18826576 0.14481835 0.32921702 0.49790522 0.57307816 0.71237057 0.55147958 0.29039198 0.13768160 -0.57161957 -0.20154414 0.18342836 0.26902103 0.34490195 0.48079273 0.65221691 0.81979507 1.28865647 1.22435021 1.20018351 1.10488939 0.90565783 0.87659287 0.62135464 0.21616203 -0.42381999 -0.26215413 -0.15353839 -0.04759602 0.20855646 0.36614260 0.72474587 0.97555268 1.01143372 1.14071536 1.00357008 0.68623441 0.47606623 0.17412688 -0.14854127 -0.36698374
0.15427838 0.27227321 0.26211107 0.18744111 0.25879675 0.01881252 -0.02705855 -0.15287878 -0.35474482 -0.37999836 -0.40770999 -0.49433881 -0.49439472 0.06519652 0.53489786 0.23795882 -0.12219774 -0.18672083 -0.20631351 -0.05335063 -0.04722017 -0.09883744 -0.35284489 -0.16837543 -0.20931278 -0.15219301 -0.23665449 -0.56993252 -0.43754521 -0.42395380 -0.14489888 -0.09638617 -0.36995941 0.11011682 0.03828679 0.08432142 -0.31961006 0.01243833 0.21941267 0.55657512 0.83818197 0.97637063 1.32335913 1.48563147 1.20185900 0.80789375 0.75911444 0.55127007 -0.35896492 -0.56740481 -0.50565237 -0.80406553 0.40115687 1.46864378 2.32298899 1.88354230 -0.23733233 -0.52725834 -0.24331629 0.37021869 0.58820748 0.48692110 0.52534658 1.15285611 -0.50903785 -0.97870702 -1.10348010 -0.81714749 0.79241067 2.19709253 2.58171058 1.60211694 -1.57686591 -1.83443820 -1.32187438 -1.01164532 -1.29514015 -1.36894596 -1.19480145 -0.41233745 -0.18143260 -0.44637853 -0.77982527 -0.72966689 -0.40007481 0.32284555 0.61679286 0.71298605 0.47948024 0.17036405 -0.10683550 -0.19190742 -0.32392082 -0.46511295 -0.46238959 -0.32475290 0.09394845 0.03839692 -0.23688665 -0.44847542 -0.27343345 -0.01360974 0.00598067 -0.09357951 -0.05883911 -0.05900997 -0.07729032 0.00898162 0.02659535 -0.07534233 -0.08162389 0.05443123 0.44759819 0.31681314 -0.07185831 -0.10811833 -0.02844074 -0.24595053 -0.27218708 -0.24657457 -0.27672195 -0.26772243 -0.08580860 -0.14798076 0.05734714 0.07364263 0.39459696 0.36941907
-0.20552127 -0.02468894 -0.03308070 0.07335561 0.15368506 0.38867861 0.17514196 0.51046467 0.57511425 0.57686597 0.33279264 0.09897258 -0.10719315 -0.39017189 -0.45761287 -0.68936104 -0.21412273 -0.05174821 0.10825546 0.72354412 0.72242498 0.79325372 0.74237227 0.96534687 1.18488729 1.32216358 1.21824801 0.93946403 0.52657628 0.46263272 0.16958897 -0.48224312 -0.29434749 -0.21770057 -0.11976701 -0.28615248 -0.00877793 -0.03354064 0.51061052 0.89778399 0.87343496 0.59199196 0.30445749 -0.26220524 -0.46694872 -0.52494121 -0.34740332 -0.46675432 -0.57875896 -0.23728499 -0.90234631 -1.06581151 -0.49210635 -0.09116316 0.28238493 0.07921608 -0.13144679 -0.64641058 -0.61918700 -0.44949144 -1.18430793 -1.40225589 -0.84013677 -0.59322244 -0.63582599 -0.50484371 -1.24281347 -1.21668613 -0.84096521 -1.26718426 -1.68699026 -1.14460909 -0.72443902 -0.66976953 -0.66710806 -1.07599306 -1.36551976 -1.61352766 -0.76860124 -0.19820324 -0.25456586 -0.21004906 -0.36872354 -0.53700793 -0.39159033 0.15849380 0.73474717 1.04292488 1.32076621 1.20039666 0.25925893 -0.44077194 -1.05871308 -0.52892858 -0.06915967 -0.20352472 -0.14155994 0.34565374 0.67134988 0.72019702 0.79051214 0.85854137 1.00116563 1.13974857 0.84750611 0.54136658 0.15792577 0.22762032 0.14113058 0.34577703 0.03086379 -0.35839790 0.08839762 0.35293064 0.43901959 0.36668503 0.54488945 0.91903830 1.02941728 0.92169213 0.66640395 0.67138493 0.61552000 0.54827082 0.62188190 0.53850758 0.13869157 -0.05427972
-0.56502813 -0.46606171 -0.43235329 -0.25034803 -0.05590146 0.09446716 -0.04824454 -0.06864282 0.10551251 0.13535973 0.08216304 -0.10252516 -0.55359662 -0.50307453 -0.58992833 -0.53595072 0.38819739 0.65430313 0.63248974 0.56352156 0.66357481 0.73272783 0.54473215 0.18043275 0.09045360 0.25628567 0.37703589 0.35155860 0.30137679 0.31047058 0.42366377 0.45219487 0.24690573 0.49252391 0.53793430 0.47155038 0.37249127 -0.09779597 -1.19281614 -1.63509548 -1.48680663 -1.13065457 -0.60473347 0.18948275 0.24359547 0.26624230 0.36151296 0.02997999 0.25413358 0.70698750 1.01199567 0.85809523 0.07447094 -0.04810059 -0.25594926 -0.53535628 -0.61368155 -0.03089228 0.01976693 0.22432949 -0.00207152 0.19261408 0.17311515 -0.03206053 0.43996572 0.77005857 1.00299740 0.71154714 -0.81476957 -1.00685120 -0.35409075 -0.57932049 -0.96012300 -0.58253074 -0.24947038 0.07145706 0.55167717 0.21861394 0.01201025 0.28041297 0.87289608 0.89144516 0.76482171 0.56153399 0.23685868 -0.42914093 -0.96163696 -1.45062995 -1.29659820 -0.75150406 -0.08962540 0.15378392 0.31717417 0.29826751 0.53332150 0.76229042 0.68035084 0.64106643 0.66393751 0.80697232 0.64747477 0.34293753 0.08588472 0.10640769 0.12209038 -0.01258397 0.28099346 0.21441732 0.15322071 0.44039249 0.55046582 0.61844879 0.03697770 -0.30761892 -0.34390721 -0.12753569 -0.05604790 0.00554770 -0.15927236 0.22052610 0.06899236 -0.15133366 -0.59985429 -0.70895970 -0.66979444 -0.52995938 -0.26526299 0.14540821
-0.67873609 -0.49640229 -0.28366935 -0.07875910 0.16001134 0.54474831 0.67634791 0.56062347 0.44927654 0.28479177 0.07581050 -0.06923560 -0.22720563 -0.30349994 -0.13036001 -0.18749060 0.16631712 0.50018924 0.58666164 0.87832159 1.03347909 1.09839880 1.12121820 1.05861783 0.83585614 0.60536504 0.43956372 0.37166843 0.27680728 0.21891987 0.00284479 -0.16741292 -0.00584615 0.38063988 0.63308048 0.93785495 0.87873733 0.77750242 0.54348588 0.08943070 0.02478294 -0.11990428 -0.66209894 -0.84269935 -0.95442009 -0.72892350 -0.27718943 -0.24201447 -0.22294086 0.41068104 0.88706023 1.11529875 1.05504727 0.90218413 0.64015198 0.74676639 1.12814927 1.10974813 0.21650793 -0.89591581 -0.96457326 -1.02274787 -0.55177069 -0.34071100 -0.04558111 0.80790472 1.20419300 1.41354883 1.13426149 0.76284856 0.70979637 1.03203249 1.46505272 1.16550457 0.26147494 -0.67828834 -0.94294459 -0.79257405 -0.50833118 -0.48907015 -0.26392627 -0.06106197 0.38344249 0.94008237 0.99022216 0.64241397 0.41053581 0.32416111 0.06284792 -0.05149032 -0.39592499 -0.71301454 -0.69540280 -0.68513203 -0.59691459 -0.31937435 -0.48109627 -0.73887140 -0.95873863 -1.25580490 -1.06149375 -0.88390398 -0.63106120 -0.42434207 -0.34584200 -0.40616435 -0.44423756 -0.51775944 -0.43988234 -0.49749246 -0.30378255 -0.13089722 -0.38614544 -0.36250645 -0.32703575 -0.70064908 -0.82739782 -0.98742926 -0.85963148 -0.66561913 -0.47997248 -0.45272028 -0.26706094 -0.22863117 -0.22678623 -0.29453850 -0.35171998 -0.48883358
0.06562608 0.04227481 0.01526698 -0.03439527 0.08456584 0.03266842 0.16127613 0.53022748 0.54781568 0.69985771 0.60689718 0.27128884 0.17935213 0.17039090 0.11139221 0.04181260 -0.06310767 -0.10031592 0.12697226 0.17025796 0.23281476 0.32676581 0.63854975 0.75815511 0.54281360 0.62877041 0.77132088 0.77772641 0.71896744 0.30690038 0.02757265 -0.13317823 -0.26695433 -0.24972409 -0.57051915 -0.61301666 -0.34100863 0.14833346 0.32448095 -0.43425471 -1.23246014 -1.50871801 -1.22321141 -0.72167438 -0.08662996 0.17704517 0.34483546 0.30897665 -0.33079082 -1.02026367 -1.33077133 -1.66072154 -1.33873570 -1.82244086 -1.95827579 -1.87458038 -1.61680627 -0.25155494 0.86865473 1.38961780 1.32976556 1.08050692 0.75739437 0.31499019 -0.31802416 -0.81010324 -1.35030138 -1.28226113 -0.38984203 0.97237271 1.25101423 -0.56717271 -1.49913919 -1.32493317 0.16908917 1.06921744 1.25777507 1.19028604 0.61286515 0.34888616 -0.23670150 -0.22425549 -0.50444025 -0.72198492 -0.63146132 0.21079984 0.66395098 0.20035513 -0.49395871 -0.80421740 -0.46056592 -0.13030776 0.03576937 0.23957799 0.10839429 0.32435894 -0.06785659 0.22106032 0.28132832 0.28871304 0.20578907 0.50619185 0.86857581 0.53902841 0.45118836 0.31340829 0.60682291 0.43543407 0.24670413 -0.21520609 -0.41894650 -0.23445079 0.24922949 0.18841155 0.29218337 0.12137148 0.09596972 0.17713813 0.36088815 0.13338955 0.08119521 0.08985477 0.10251649 0.14607018 0.09596796 0.04271705 0.04800437 -0.13020846
-0.59468377 -0.58989346 -0.46013126 -0.29807997 -0.11929031 0.02711395 0.02105597 0.12200190 0.43526852 0.61949295 0.73763269 0.54977590 0.29743078 -0.08391789 -0.31157288 -0.43405476 -0.38078654 -0.33129126 -0.03620648 0.21953803 0.42794174 0.35527933 0.37655085 0.41445985 0.65521812 0.99275452 1.25713432 1.20665979 1.20737016 0.90182155 0.62050039 0.25912213 -0.07570818 -0.01745725 -0.23508722 -0.43659952 -0.63118464 -0.72115028 -0.83296543 -0.58096510 -0.06246186 0.28119040 0.63146460 0.75111967 0.93676150 0.85926938 0.67717350 0.31928644 -0.12592715 -0.08434569 -0.36380181 -0.66923124 -0.88381141 -0.68875897 0.07375076 0.89233059 1.15653956 1.19719863 1.13205314 0.99575996 1.02071869 0.88707572 0.45327395 0.05028493 -0.37210143 -0.15851368 -0.58128732 -0.83272767 -1.15569818 -0.15310620 0.70079005 1.28075254 1.33010638 1.14072800 1.26433170 1.13492966 1.24221921 0.93249702 0.61697382 0.26039857 -0.31125048 -0.46584609 -0.73042953 -0.88276291 -0.71174210 -0.61632264 0.04660883 0.50033426 0.63418519 0.77360117 1.00644124 1.05014968 1.04731166 0.87394768 0.40933079 0.20279419 -0.75378972 -0.60529196 -0.51282883 -0.62546968 -0.82821387 -1.10941505 -1.17622697 -0.97732264 -0.90985602 -0.97420263 -0.87424922 -0.78061396 -0.72864312 -0.65415668 -0.51860261 -0.29643428 -0.60352558 -0.53531760 -0.41682431 -0.50621468 -0.61881226 -0.57983691 -0.69457698 -0.67843819 -0.74577284 -0.72676653 -0.87843531 -0.82382625 -0.61479867 -0.33997497 -0.27320647 -0.24529359
0.47901255 0.43736416 0.38826209 0.34149280 0.22981596 0.28410205 0.51790947 0.64365631 0.63480371 0.46344116 0.37302846 0.22822957 0.18924607 0.15078701 0.20620707 0.36561009 0.50030655 0.25403890 0.16004588 -0.21992317 -0.01017816 0.29592332 0.43882263 0.43564522 0.19460136 0.03177129 0.30446789 0.19986881 0.12149346 0.16938873 0.19442455 0.09598164 0.31518376 0.15363505 -0.39478213 -0.95489037 -1.16897786 -1.22467160 -1.45577538 -1.93475008 -2.08714986 -2.02290416 -1.62394643 -1.56622350 -1.26482511 -0.84961390 -0.26669949 -0.03842979 0.46534628 -0.41162673 -0.73602867 -0.77303678 -0.53014439 -0.16620569 -0.58444262 -0.94779855 -1.18558943 -0.87600392 -0.67519534 -0.84411389 -0.97063863 -1.10268080 -0.91659117 -0.20639102 0.08266413 -0.67521852 -0.34523523 -0.68757528 0.07101430 0.85754472 1.16519463 -0.40557021 -0.35358641 0.96665949 1.40666032 0.12734798 -1.04520452 -1.02972186 -1.02887976 -0.30268091 -0.20852077 -0.10072096 0.04182668 0.03497863 0.00035894 0.06722421 0.67527336 0.76580906 1.05653989 1.43927956 0.81764883 0.17172073 -0.33729032 -0.46853688 -0.22364594 0.04432920 -0.05508881 0.26525334 0.53838015 0.52765143 0.49610379 0.66797185 1.03509557 1.28132653 1.24566150 1.00497460 0.75984401 0.38710696 0.46661195 0.40538594 0.26772246 0.09551413 -0.05453523 -0.14535303 -0.18515600 0.01199884 0.03203449 0.33433595 0.43436730 0.52808994 0.57665676 0.27320766 0.15202513 0.11569928 0.20280229 0.17919329 0.05025092 0.18877538
0.37123352 0.38281867 0.38890871 0.30630383 0.22156976 0.34578964 0.47802263 0.51299655 0.52543068 0.48919821 0.29872170 0.12549140 0.23936054 0.16890579 0.09666647 0.12988636 0.06147781 0.09738739 0.03865070 0.13263774 0.38658723 0.56701976 0.63352233 0.69309592 0.94247425 1.01773858 0.58670014 0.30825278 0.44144613 0.50943434 0.43005845 0.08726825 -0.05427070 -0.21342729 -0.32640895 -0.54029387 -0.70540535 -1.03024423 -1.09190643 -0.83662647 0.01485266 0.89622039 0.27229080 -0.45412856 -0.71165061 -0.19811556 0.31855845 0.20866725 0.12336633 -0.71801805 -1.05238664 -0.45814145 -0.55035794 -0.84992015 -1.43368804 -1.69903374 -1.22486222 1.29270399 1.54696620 -0.28419077 -1.23543549 -1.12856245 -0.49697810 0.26798436 0.39654601 -0.26191583 -0.83819848 -0.70911396 -0.03382511 1.07764983 1.01122284 -0.98852271 -1.18411660 -1.14626956 -0.97699392 -0.87521118 -1.12772250 -1.17860174 -0.93812227 -0.33898374 0.56562853 0.38659957 -0.13492011 -0.45001167 -0.32059574 0.21700375 0.47223997 -0.21416882 -1.05936337 -1.39402246 -1.21038830 -1.04535711 -0.65270233 -0.73581070 -0.79935050 -0.41967657 0.30334529 0.45781589 0.63369453 0.57382005 0.55280662 0.57951349 0.90765244 0.68027776 0.62040007 0.37891820 0.48968950 0.28933674 0.14895059 -0.14759906 -0.11955164 -0.25259063 0.35012558 0.19182159 0.27821246 0.40854433 0.36756611 0.41495943 0.46474829 0.68310612 0.65832794 0.77876562 0.77470851 0.51548654 0.53000486 0.48843834 0.56903154 0.47000811
0.27101520 0.23907889 0.03677534 -0.08052278 -0.07310231 -0.07673147 -0.26147106 -0.68660516 -0.72295707 -0.53093499 -0.28524113 0.16924904 0.31609061 0.34290487 0.88450533 1.03819919 -0.11163734 -0.45169339 -0.75087440 -0.61296463 -0.61542016 -0.58355254 -0.55152082 -0.67918891 -0.49070352 -0.41045180 -0.41486999 -0.71811360 -1.00135088 -0.45044237 0.29872528 0.62450385 -0.41074714 -0.37565473 -0.27759331 -0.35338035 -0.29531229 -0.26489377 0.15610655 0.31125456 0.50657141 0.44661415 0.25794336 -0.41837409 -0.75956583 -0.98161095 -0.72368926 -0.18364885 -0.23677765 -0.19447854 -0.52309722 -0.55108416 -0.97314179 -0.34362596 0.04993795 0.39337385 0.09091654 -0.44050080 -0.81712860 -0.99997395 -1.22820532 -1.08949614 -1.04047477 -0.70175850 -0.32725427 -0.17559446 -0.81581992 -1.17866230 -1.56061649 -1.69829369 -1.49101472 -1.06765509 -0.81204051 -0.07286866 -0.04840802 0.07597106 0.39840224 0.18707606 0.02660200 0.05307142 -0.06583358 -0.30865237 -0.18448195 -0.52925885 -0.39150515 -0.28593186 0.22940212 0.76854002 1.09554648 1.07598484 1.27434945 1.26698208 1.25261891 1.28897595 0.89958239 0.09510617 -0.19968715 0.08417142 0.41149378 0.75230742 0.67877775 0.65834862 0.59372211 0.75221688 1.07378793 1.34017742 1.35130847 1.46357918 1.52422893 1.09088945 1.02445972 0.59420645 -0.19815764 -0.11126711 -0.20406926 -0.22942631 -0.08958355 0.15400767 0.67952925 0.84818202 1.11013734 1.05989742 0.94136363 0.72348332 0.32588154 0.04513411 -0.33989465 -0.51277411
0.43785492 0.29063398 0.18180327 0.03842375 -0.05638221 -0.10209462 -0.41543353 -0.57578677 -0.60739219 -0.55781025 -0.53832096 -0.52747542 -0.35286143 0.02296385 0.19519538 0.33025938 0.58861178 0.24266197 -0.35322049 -0.31719872 -0.19076267 -0.36010218 -0.31871381 -0.43643147 -0.35802242 -0.17778991 -0.11543403 -0.30022439 -0.39336920 -0.42027560 0.00845471 0.06760554 -0.08502167 -0.30078846 -0.06570628 -0.25973773 -0.07744900 0.38410038 0.56208152 0.46668848 0.14197221 -0.15440686 -0.28301868 -0.47334796 -0.17121193 -0.28875810 -0.25023302 -0.13794529 -0.54975879 -0.59410560 -0.44431466 -0.16816771 0.78404915 1.44473839 1.65090263 1.75634146 1.98495328 1.43821192 1.02733791 0.24829167 -0.45288992 -0.46474516 -0.52927256 -0.27615938 -0.45458221 -0.95816964 -0.70502394 -0.29219040 1.07555437 1.53265393 1.61585355 2.02620864 2.16740870 1.75393391 1.13527691 0.38821489 -0.43213797 -0.38689363 -0.38431835 -0.24426861 -0.20274211 -0.44983122 -0.51187503 -0.28817269 0.33114877 0.55521870 -0.00652568 -0.78477782 -1.03814721 -1.03002274 -0.80976975 -0.78393370 -0.39481974 -0.37321636 0.04360884 0.25915569 0.67866331 -0.03752367 -0.17329083 -0.21353512 -0.31599137 -0.20726655 -0.14085373 -0.42517510 -0.60230142 -0.68262297 -0.41491139 -0.35965034 -0.28212762 0.05527045 0.01953791 0.07420357 0.38358819 0.36789081 0.65793061 0.72522038 0.24088711 0.08584718 -0.02541999 -0.10915697 -0.21611957 -0.41905004 -0.64865994 -0.46338648 -0.50723010 -0.18009609 -0.11081529 0.18765771
0.22289588 0.15811269 0.10988283 -0.18933588 -0.27436158 -0.58521169 -0.94135880 -0.90527278 -0.77496916 -0.38703352 -0.03941656 0.38489538 0.51242995 0.59181392 0.57627195 0.56386924 0.01184088 -0.21536185 -0.32765853 -0.47849581 -0.54445124 -0.31987017 -0.17694610 -0.43137878 -0.48769563 -0.76998967 -0.92055327 -0.91511005 -0.69712919 -0.17092213 0.38040340 0.72851032 0.14505483 -0.06679330 -0.24824339 -0.24978597 0.00819385 0.47897056 0.83787984 0.99017078 1.14282358 0.78425944 0.51496673 0.05352504 -0.34872729 -0.50641143 -0.63809860 -0.53480333 0.25492609 -0.54514194 -1.14186430 -0.86438131 -0.19279836 0.16781045 0.03799083 0.21979026 0.52403128 -0.08335608 -0.37909022 -0.64740461 -0.53402436 -0.69100308 -0.80222678 -0.49340808 0.18920504 -0.59800148 -1.12454283 -0.78583169 -0.64635718 -0.88988256 -1.58953857 -1.39704704 -1.39783514 -1.47044623 -0.65087330 0.65966988 1.13992560 1.27626431 1.14353085 0.83167040 0.37771738 0.31199685 -0.10192294 -0.46467251 -0.18865295 0.22062020 0.00998194 -0.82746875 -1.70582747 -1.81548274 -1.13010085 -0.08504979 0.36496940 0.47228143 0.62860328 0.87032515 0.32883644 0.53739321 0.75704837 0.85700458 0.94525236 0.80454004 0.61872882 0.72095770 0.54276282 0.23751225 0.36729780 0.34761837 -0.04585049 -0.38435781 -0.43660507 -0.04692106 0.62413847 0.67744958 0.69570267 0.76740289 0.83207965 0.70915663 0.47320971 0.51409245 0.51823670 0.50635022 0.50583899 0.53826600 0.22321375 0.27843821 0.34918389 0.38629144
0.28622338 0.27864653 0.37303805 0.28089863 0.20130306 0.04508341 -0.12213262 -0.35567445 -0.45342848 -0.29557255 -0.26392770 -0.12519294 0.04453271 0.21203174 0.06531070 -0.00745674 0.30429584 -0.06702527 -0.43527776 -0.42004284 -0.63195330 -0.29944003 -0.04279476 -0.04739489 0.00573126 -0.36133212 -0.46750492 -0.61999846 -0.37741253 -0.30666628 -0.18705666 0.28216732 -0.84295386 -0.78465068 -0.54011893 -0.26229224 0.18276399 0.16329473 0.48225456 0.82166344 1.11623120 1.10277629 1.19975400 1.43139708 1.27603483 0.62154680 0.25764638 0.30681708 -0.50495261 -0.37937903 -0.47473213 -1.06806421 -0.88019508 -0.87965429 -0.64167112 -0.70572519 -0.59781510 -0.07140372 0.41926491 1.06069005 1.30527472 1.37307906 1.05700696 0.71938211 0.79660285 1.61146629 1.72836900 1.36465073 0.44406053 -0.61546898 -1.13492262 -1.09279299 -0.88065237 -0.79593033 -0.86253673 -0.92462045 -0.42855462 -0.36381885 -0.10661340 -0.22130743 0.28025830 0.46042088 1.27142084 1.81218541 1.95441735 1.65344024 1.21408105 0.63652712 0.34465298 0.15221390 -0.08850261 -0.18213910 -0.29578483 -0.54293776 -0.40988627 -0.44800618 -0.17978770 -0.54457414 -0.84038907 -0.69683516 -0.79048067 -0.76966751 -0.72229177 -0.48244876 -0.23630150 -0.38575238 -0.42993522 -0.57003862 -0.64972037 -0.46263814 -0.26311278 0.05304677 0.08013504 -0.01074221 0.03327525 0.11574346 -0.01047637 -0.39667362 -0.53500932 -0.55324423 -0.50307047 -0.32673046 -0.25490198 0.00058206 0.04395221 0.35631907 0.34672219 0.15528592
-0.09424227 -0.27090594 -0.35759240 -0.35566404 -0.47118086 -0.41623786 -0.18458974 -0.15569419 -0.11222318 -0.08203907 -0.18011512 -0.26418132 -0.46083638 -0.68196571 -0.76849383 -0.66697258 -0.30492038 -0.48888749 -0.56588507 -0.52420890 -0.58824307 -0.66040379 -0.95198524 -1.08946061 -1.08251464 -0.92631024 -0.38038820 -0.45256922 -0.49173737 -0.68361241 -0.90930116 -0.85124773 0.49105823 0.81804949 1.33682716 1.71912766 1.66252208 0.93887675 -0.45061460 -1.60101759 -1.30781436 -0.36125118 0.32115021 0.74001706 0.77448457 0.46305475 0.25526795 0.28439382 -0.39432552 0.14566360 0.57086617 1.25057685 1.79610157 0.55307192 -1.08048141 -1.61043024 -0.76192653 0.20131087 1.28065693 1.29413414 0.93273234 0.44444990 -0.01563926 -0.45510122 -0.37721318 0.01862887 0.61603832 0.96628952 0.98891902 0.09161116 -0.53479624 -0.66365939 -0.21566950 0.24745999 0.87724894 0.86036783 0.68901604 0.29360718 -0.02243832 -0.40126684 0.18571538 0.57058102 0.75732309 0.69344670 0.40386614 -0.13706301 -0.56817949 -0.81490767 -0.84627986 -0.44115230 -0.20779695 0.11322942 0.15147698 0.18572003 0.02862776 0.00973205 0.26392159 0.52420592 0.69548213 0.89292574 0.71080083 0.67764050 0.43756709 0.37032372 0.28405946 0.35546559 0.46822515 0.45368728 0.57525527 0.45228234 0.26983097 0.07701898 -0.50162917 -0.03123402 0.11224040 0.32487440 0.55022055 0.61747843 0.75285012 0.40404487 0.30383974 0.20616043 0.14500448 0.17074063 -0.04671460 -0.14472881 -0.39600289 -0.55336207
-0.34861577 -0.20037526 -0.22311415 -0.18363914 0.00333144 0.28033087 0.72356987 1.29600000 1.09034538 0.92835069 0.44327810 0.25155285 0.13195458 -0.04538716 -0.13262333 -0.07469331 -0.54748374 -0.10293734 0.56949311 0.82485062 0.81509602 0.80492592 1.10091627 1.39387548 1.63582301 1.23158121 0.84807783 0.87182969 0.99950898 0.72915888 0.22978161 -0.23515716 -0.55098361 -0.24156432 -0.48107347 -0.57705182 -0.43057263 -0.45584255 -0.00853103 0.22892769 0.11055099 -0.06044571 -0.76163965 -0.92269635 -0.79169261 -0.64028502 0.00533907 -0.15158872 -0.25214162 -0.86684328 -1.32939506 -0.87462604 -0.47012293 0.62719989 1.18316472 1.05589211 1.31447315 1.05345130 0.37264696 -0.67493349 -1.29880905 -0.88479775 -0.78365475 -0.18297841 -0.39924178 -1.05882454 -1.31330335 -0.85788542 -0.27064964 1.12080431 1.43341255 1.62241554 1.84678102 0.97486377 0.55064982 -0.31797001 -0.70231998 -0.64620566 -0.78528148 -0.28115252 -0.27964145 -0.48437551 -0.45709047 -0.35253137 -0.16581500 0.07212035 0.71240878 0.93062490 0.88184494 0.15439834 -0.11574951 -0.15478376 -0.34228623 -0.43844733 -0.32606041 -0.15238237 0.03196586 -0.18554485 -0.36254069 -0.55078399 -0.44798696 -0.38460693 -0.43065137 -0.44842184 -0.42314118 -0.44474471 -0.52169293 -0.40044418 -0.25725132 0.27394035 0.46864578 0.59647036 0.27496475 0.32077336 0.14461476 -0.23686738 -0.26385987 -0.62976098 -0.96579617 -0.93313736 -0.82900703 -0.44701663 -0.16625857 0.20261453 0.45631707 0.33935046 0.25561967 0.18950711
0.03622097 -0.04840035 -0.05430820 -0.10341128 0.00929658 0.11996891 0.23505367 0.47792923 0.37405041 0.27440020 0.09233564 0.18415010 0.19923700 0.11117312 -0.08320133 -0.21531850 -0.17481330 -0.00647900 0.18871243 0.23651254 0.25742534 0.39463371 0.64056504 0.99337071 0.70326155 0.66720963 0.60984337 0.65243459 0.59050494 0.24032584 -0.28591424 -0.49130458 -0.02175206 -0.36980969 -0.30922464 -0.33508056 -0.53932089 -0.44387227 -0.43928629 -0.07715539 0.12747391 -0.45011491 -0.63217068 -0.63331622 -0.51628029 -0.50720417 -0.56034875 -0.45798877 0.18789126 0.27610776 0.21629423 -0.40684813 -1.10362411 -1.44753802 -0.54616827 1.10792589 1.31695938 -0.36043224 -1.23503184 -1.35277987 -0.68379581 -0.16062914 -0.01210951 0.14678864 0.33821172 0.71497691 0.62224120 0.04198898 -0.67371261 -1.89915895 -1.34526968 -0.97478688 -0.98480010 -1.49866390 -1.14333487 -0.75422758 -0.04003536 0.22010589 0.49866131 0.52780849 0.93838733 0.78093410 0.65625072 0.38423443 -0.24991718 -1.07202196 -1.94187403 -2.07393312 -1.70531058 -1.21307647 -0.79754120 -0.40636513 0.15535866 0.72164816 0.62359029 0.52717680 0.95857978 0.75788772 0.65852422 0.58344066 0.38527477 0.22376992 0.07212565 0.03803366 0.09871198 0.09178942 0.18497194 0.33404502 0.49428278 0.58664489 0.64747137 0.53167784 0.53968960 0.57999122 0.71489334 0.76113510 0.78079462 0.78170145 0.46371621 0.56479949 0.48942378 0.40106478 0.21847175 0.22128971 0.19927652 0.22412050 0.32329115 0.22403446
-0.19070292 -0.21376905 -0.23601201 0.01787654 0.03600223 0.16680896 0.42514148 0.41907790 0.55729514 0.50764763 0.38898206 0.02696494 -0.00792363 -0.10277254 -0.04298352 0.03207810 -0.29120100 -0.11758599 0.32779202 0.39172390 0.43973374 0.56127292 0.69309461 1.19207919 1.19185317 1.05501080 0.83521676 0.64824271 0.48116115 0.49586454 0.02861659 -0.13511373 -0.13604669 -0.21559237 -0.23208345 -0.26956627 -0.05055027 0.00968314 0.36033088 0.78982264 0.74559152 0.43566734 0.04606621 -0.39683309 -0.41346329 -0.37767830 -0.28750420 -0.34303859 0.05552479 -0.43036556 -0.44651642 -0.55484945 -0.49903578 0.61293244 1.53889310 1.58139110 1.49942636 1.47866321 0.27034718 -0.97358847 -1.09633803 -0.71727812 -0.32040843 -0.17855503 0.41193390 -0.14890125 -0.56057233 -0.57764536 -0.50679845 0.51566923 0.61046952 -0.16325486 0.69749218 1.21251667 0.02961333 -0.86054432 -0.88045108 -0.38610798 0.13298947 -0.01014225 0.37003776 0.09949970 -0.43250701 -1.23564947 -1.65442169 -2.10581613 -2.54117489 -2.68156958 -2.42962074 -1.98912990 -1.68824923 -0.99018329 -0.42815298 -0.07781607 -0.06093369 0.36961365 0.04377110 0.13251659 0.12537391 0.32594946 0.30674905 0.08398848 -0.06545751 -0.37378699 -0.27635834 -0.21418957 -0.05708239 0.18858619 0.07630728 -0.19153392 -0.10901849 0.49445602 0.27934796 0.29166707 0.34541398 0.27459306 0.42438677 0.32129961 0.42954400 0.25790465 0.30249622 0.27231091 0.33500078 0.16313761 0.19285326 0.20790648 0.63768679 0.75304222
0.22443409 0.06775755 0.06446547 0.04342378 0.07720724 0.17720345 0.05532957 0.12614508 0.33577490 0.23677345 0.44668528 0.39235929 0.36303648 0.43517554 0.37518105 0.46864676 -0.42874190 -0.23152126 -0.02444850 0.30486983 0.69009095 0.83159482 0.71146506 0.64216608 0.66457701 0.50709593 0.57481486 0.38739941 0.34812412 -0.01800198 0.01576725 -0.12697387 0.43038338 0.33763450 0.03175636 -0.08706754 -0.36357290 -0.86309421 -1.51661098 -1.72334921 -1.66521847 -1.41208875 -0.88926703 -0.62828064 -0.20749681 -0.02173082 0.08858963 0.38285854 0.67855000 0.92131323 1.13566089 1.56919956 1.38547838 -0.03748266 -1.29511940 -1.06984401 -0.91171992 -0.95346284 0.18119445 0.87289411 1.02560580 0.90217531 0.84975255 0.76037890 0.66939133 1.02390754 1.27737021 1.44285321 1.28910828 -0.01891735 -1.46257186 -1.20240331 -1.26342428 -0.66196245 0.75619501 1.33979487 1.17718804 1.08057380 0.77464527 0.76432312 0.18973377 -0.01130167 -0.25176495 -0.53669006 -0.82974601 -1.51597261 -1.80805039 -1.74768221 -1.87507796 -1.66202688 -1.24618483 -0.85795987 -0.50579292 -0.03440813 0.21519238 0.51971418 -0.63734996 -0.37252021 -0.24136099 -0.03416407 0.31398290 0.33314517 0.16080360 0.14677796 0.02240911 0.02527294 -0.14739738 -0.26415980 -0.37097877 -0.59213060 -0.65060723 -0.50268286 -0.33249342 -0.26250648 -0.15582471 -0.13977207 -0.04129824 0.20961468 0.06454905 0.08283844 0.03833714 -0.15521266 -0.07651092 0.01938255 -0.06367105 -0.08240225 -0.01401901 0.05775167
-0.14976811 -0.16538167 0.00518583 0.16703130 0.07342406 0.05185471 0.44293195 0.57150298 0.72698748 0.39764744 0.15808599 0.29456070 0.26400995 -0.00881664 -0.15312350 -0.12583746 -0.26963803 -0.22672513 -0.06051307 0.26670936 0.26227063 0.29343182 0.46774086 0.41036609 0.44814986 0.21424244 0.08037789 0.26418409 0.11998299 -0.20805019 -0.53811169 -0.32670295 -0.18347508 -0.48329395 -0.46682110 -0.72117335 -1.24922895 -1.09392393 -1.06898713 -1.04950345 -1.29812181 -1.65176988 -1.43299115 -0.85848790 -0.27401695 -0.15270826 -0.01882029 0.13130739 -0.12304596 0.29235885 0.65318376 0.13529029 -0.92113727 -1.69675624 -1.84324312 -1.68843937 -1.51724184 -0.96917224 -0.69332474 -0.03825697 0.43483609 0.32498470 0.11509091 -0.09871923 -0.22799543 0.45654288 1.14993382 1.22552252 0.73047173 -0.45665720 -1.47132623 -0.66545767 0.30725622 0.74665320 0.77518779 0.93287373 0.67185205 0.59722167 0.18185832 -0.15412872 0.54108775 0.71997678 0.80633664 0.79893130 0.45156595 0.21112959 -0.13570003 -0.32547218 -0.00395005 0.29918841 0.48416328 0.72113162 0.78710067 0.68963706 0.39050826 0.14863373 0.45422488 0.65705860 0.55611348 0.56682694 0.55754781 0.36842424 0.52871257 0.47569597 0.38433826 0.56228906 0.60678542 0.79314977 0.66955549 0.74912935 0.59558254 0.37548262 -0.21991009 -0.01201889 0.03985897 0.10120779 0.00368872 0.03491526 0.05398917 -0.05908245 0.14399084 0.03234620 -0.09574312 -0.22637814 -0.11941898 -0.00872889 -0.01702492 0.04486253
-0.30387083 -0.32478547 -0.50419849 -0.38695031 -0.17422134 0.02942604 -0.00486047 -0.22543766 -0.36641517 -0.46335372 -0.54006898 -0.35547742 -0.21971819 -0.05543493 -0.19067731 -0.14972202 -0.06789663 -0.22038397 -0.26042157 -0.33481687 -0.24996690 -0.06348346 -0.06320743 -0.09932210 -0.36088303 -0.61596394 -0.85030371 -0.82195425 -0.49852124 -0.08978607 0.06402814 0.28857651 0.23386160 0.70706695 1.13070536 1.27189946 1.19097972 1.07171142 1.12649870 0.75089180 0.10785204 -0.43710545 -0.46738508 -0.35060069 -0.43263900 -0.32464275 -0.42145532 -0.28430918 0.37777442 0.97735345 1.18371594 1.38983727 1.30448914 1.25459528 1.12896907 -0.90338957 -1.30603254 -0.98823845 -0.12720512 0.39047655 0.55969757 0.43774357 0.24931581 0.19567513 -0.03655554 0.29380766 0.56077868 0.75009435 0.31639257 -0.53708673 -1.41441202 -0.91420537 0.00452929 1.26984143 1.69932485 1.37053013 1.17749739 1.02608347 0.66911632 0.41436529 -0.33316946 -0.47315589 -0.30185726 -0.09030782 -0.17245503 -0.44327146 -0.28122100 0.27775511 0.89522344 1.04792106 1.00455391 1.08670104 0.95131207 0.93879741 0.77971101 0.38313076 -0.14279532 -0.18306614 -0.43580338 -0.53833258 -0.85192090 -0.96180868 -0.74373084 -0.36656719 -0.37850174 -0.38369149 -0.46197480 -0.46768668 -0.44658661 -0.59063458 -0.49171218 -0.39487544 -0.15182833 -0.02273978 0.03871704 -0.15748256 -0.12206442 -0.68249726 -1.01919973 -1.11928856 -1.02724838 -0.80929148 -0.75898194 -0.60382837 -0.38611373 -0.28411886 -0.02805304 0.01915146
