-4.375022947788238525e-01
-1.053683757781982422e-01
1.262879222631454468e-01
7.142209261655807495e-02
-2.996398508548736572e-01
4.326133430004119873e-01
3.685074150562286377e-01
-6.291204690933227539e-01
1.198738574981689453e+00
6.439328193664550781e-02
6.421685814857482910e-01
1.520035266876220703e+00
-5.108740329742431641e-01
3.179545104503631592e-01
-1.691764444112777710e-01
-8.003678917884826660e-01
-4.430257081985473633e-01
-1.812452524900436401e-01
-4.517520666122436523e-01
-5.008621215820312500e-01
2.850437760353088379e-01
-5.547646880149841309e-01
1.588336467742919922e+00
5.970836281776428223e-01
-3.906588852405548096e-01
9.949874877929687500e-01
1.131300777196884155e-01
-6.327815055847167969e-01
-1.491669774055480957e+00
-1.591742932796478271e-01
-4.128381609916687012e-02
7.237886786460876465e-01
2.792969048023223877e-01
-1.240673065185546875e+00
-3.051390647888183594e-01
